START -3208 -6652 -13400 -2247 1523 -457 END
START -3104 -6172 -13428 -2596 1714 -402 END
START -11416 -18980 -26480 -963 -125 -2581 END
START -3228 -6952 -15276 -551 -793 -1160 END
START -4824 -3372 -15192 941 67 -3522 END
START 812 -4548 -17000 -892 801 -2274 END
START -5800 -4440 -16384 -1123 -1050 -2240 END
START -5436 984 -14996 -2925 -2536 -3073 END
START -652 -388 -15096 -5381 -3019 -66 END
START -3688 -9772 -16336 -3336 -1487 4761 END
START -2600 -10808 -14444 -657 1131 5253 END
START -4064 -7700 -15532 1989 1801 3225 END
START -8228 -7396 -16008 2320 1809 767 END
START 444 -9700 -14848 4882 2195 718 END
START -2964 -8112 -15540 1927 2438 -1791 END
START -4176 -6916 -17976 -136 -108 -417 END
START -3572 -3504 -17028 -2575 -898 1394 END
START -6224 -11196 -14136 -7041 -2759 1935 END
START -1600 -6852 -15700 -1001 1331 2373 END
START -3656 -8116 -15028 635 1581 2439 END
START -1572 -8004 -15024 1820 1249 -463 END
START -6380 -2756 -16168 1230 382 -538 END
START -3080 -5812 -16068 -85 -181 -10 END
START -4224 -6376 -15540 -335 -234 -336 END
START -1304 -7216 -16004 -2195 177 -412 END
START -7744 -4640 -15288 -4091 -2146 1253 END
START -2468 -7688 -15348 -1785 -1134 1890 END
START -5672 -7780 -14576 -427 75 2871 END
START -3440 -10732 -13960 2641 270 -190 END
START -6176 -9640 -16236 189 -312 -514 END
START -4332 -3440 -16136 -409 461 182 END
START -4972 -4192 -16784 -1449 -547 -547 END
START -2420 -3072 -14724 -7119 -2744 2807 END
START -3316 160 -15236 -3486 -2688 993 END
START -5996 -5976 -15172 -588 -2086 1437 END
START -6028 -3520 -16356 2051 -111 -1362 END
START -3388 1332 -14664 4406 2767 427 END
START -7464 -2916 -16676 2438 862 1373 END
START -9056 -560 -16036 -121 978 2938 END
START -9980 -2284 -15572 -4723 -1738 -250 END
START 940 -2940 -14828 -3245 -669 -7349 END
START -64 -6160 -16740 -59 196 -758 END
START -7120 -5788 -15432 -1811 -7012 3420 END
START -5356 -5744 -13584 5278 -7325 -4459 END
START -6116 -5472 -12920 -658 -1154 -4619 END