START -5200 -6688 -14948 -1559 2050 -222 END
START -5116 -6596 -14476 -1458 2301 -363 END
START -2760 -7892 -17604 748 1064 -985 END
START -6932 -6804 -15328 1303 2189 -3094 END
START -3344 -4784 -17596 -1197 858 -1217 END
START -1972 -6880 -17356 -3215 -6165 -1913 END
START -1312 -11616 -17732 -3628 -2233 -2293 END
START -8548 -9876 -17044 -4867 -1856 1145 END
START -1692 -22448 -16868 -3578 -1414 4399 END
START -10360 -6904 -14952 754 2178 4222 END
START -252 -5988 -15856 5039 2838 2324 END
START -9984 -1460 -15948 3056 563 -98 END
START -6928 -1484 -16256 3389 496 -288 END
START -6184 -5692 -15564 363 442 -450 END
START -5572 -3864 -16652 -1632 -1518 -1288 END
START -8240 -7788 -16888 -8504 -2304 3546 END
START 3956 -6172 -15424 -2732 1115 827 END
START -988 -3360 -15128 -1463 -450 3612 END
START -10580 256 -15352 1525 2139 2700 END
START -8064 -756 -15856 1564 1365 -1004 END
START -5948 -4016 -16308 314 1359 -872 END
START -4956 -5316 -15744 -124 -596 -588 END
START -3108 -4572 -15460 -5833 -2173 2093 END
START -4608 -6172 -15232 -701 138 1419 END
START -6264 -5524 -15616 767 89 1999 END
START -4232 -12868 -15776 3834 1997 -609 END
START -5644 -7828 -17708 -2366 270 686 END
START -4680 -4364 -15980 -786 99 -659 END
START -10108 -2880 -14156 -8297 -2557 4301 END
START -4912 660 -13216 -6052 -1416 2037 END
START -5804 -6452 -15680 516 -1442 163 END
START -5484 -9932 -14816 606 -391 473 END
START -4956 -2556 -16444 5168 1993 -1943 END
START 1600 -9008 -15964 5290 3475 513 END
START -6984 -6812 -15680 148 769 607 END
START -7148 2756 -15040 -5184 -562 862 END
START -9012 -7488 -14572 -3641 -1136 -3646 END
START -4508 -6756 -15956 510 1906 -2110 END
START -6596 -8148 -20516 -2682 -6968 2559 END
START -5236 -6116 -14920 5917 -11949 -186 END
START -6964 -7916 -15864 6766 -11996 898 END