START -1080 -8888 -16260 -2284 -651 -2602 END
START -7432 -4368 -15936 -1973 -515 -1940 END
START -5996 -1340 -13780 -4617 -1800 -1646 END
START -3264 -2152 -15236 -5087 -1901 1532 END
START -6544 -10636 -13868 -1162 1054 3644 END
START -10500 -7824 -14852 1287 1474 3303 END
START -5120 -3464 -14416 3629 2091 826 END
START -7616 -6772 -15588 2792 1349 808 END
START -8788 328 -15432 3070 2020 -1206 END
START -3052 -3208 -17532 62 1011 -1348 END
START -5564 -4340 -15940 -482 -623 -538 END
START -6256 -3268 -17756 -6568 -2274 1116 END
START -6460 -11256 -18360 -2438 112 1503 END
START -5920 -10564 -13628 -1736 -813 2528 END
START -3636 -10988 -14704 1513 1489 1527 END
START -11076 -4024 -14648 809 706 165 END
START -4972 -4576 -15776 -959 651 4 END
START -5560 -5144 -15272 33 627 -1444 END
START -5568 -2004 -15928 -5257 -2324 1551 END
START -6728 -10620 -14224 -2311 -728 866 END
START -9656 -5912 -14680 -937 1473 1015 END
START -8052 -3696 -15624 -482 83 786 END
START -6620 -4724 -14976 369 172 542 END
START -6240 -4864 -16956 -912 126 -370 END
START -4864 -5652 -15780 -831 -1379 1148 END
START -7376 -6812 -16368 177 -3217 2149 END
START -6184 -6512 -14268 2715 -1281 -92 END
START -6320 -4584 -12056 -1710 2796 -1217 END
START -6612 -4980 -15436 -677 2545 -1898 END
START -4856 -5352 -15068 -934 1835 -1590 END
START -7640 -10496 -16788 -5710 -2178 1481 END
START -2248 -6240 -16060 -6336 -2636 1338 END
START -4440 -1880 -14944 -1761 -1327 -444 END
START -6820 -8288 -13268 333 -706 -924 END
START -5388 -5984 -12912 4441 2738 -1529 END
START -9156 -6788 -14536 5752 5883 15 END
START -4624 -9440 -17184 1070 1723 5249 END
START -7232 -3456 -16796 -3069 -1180 2058 END
START -10496 -5332 -14792 -3781 -1323 -4151 END
START -4344 -9120 -15812 -696 -126 -6426 END
START -848 -6996 -17512 -570 -1160 -773 END
START -7824 -7280 -20500 -199 -4023 3433 END
START -6532 -4940 -12888 2503 -7915 4027 END
START -7264 -5716 -13708 48 -5424 3090 END
START -8828 -5988 -13880 1081 -2554 -396 END
START -7808 -5612 -12168 250 -3127 -2802 END
START -7600 -5816 -13248 -1163 -1537 -2947 END