START -6188 -5188 -13636 1090 3561 -2784 END
START -8796 -4792 -14160 721 2874 -2988 END
START -8936 -7524 -14508 -411 122 -3031 END
START -3728 -6328 -15548 -272 -1296 -3649 END
START -1544 -6792 -16228 -2209 -2612 -3708 END
START -4016 -4344 -17336 -3924 -4184 -1710 END
START -4696 -4820 -17116 -6130 -2921 1423 END
START -3560 -5280 -15804 -3638 27 2695 END
START -6300 -8952 -14080 -1017 849 4103 END
START -6796 -6012 -13964 1569 1163 3509 END
START -9232 -2828 -16144 2922 1624 3227 END
START -4212 -9848 -16224 3305 697 1140 END
START -8812 -7140 -15864 2784 514 1047 END
START -8804 -9440 -16320 835 -776 -236 END
START -5240 -5336 -15968 -862 -174 152 END
START -7232 -6004 -17028 -2923 248 609 END
START -812 2816 -13972 -8079 -1554 2704 END
START -7620 -7856 -15760 -3508 -492 712 END
START -3256 -5544 -15012 -528 326 2510 END
START -720 -11400 -13424 1737 536 1357 END
START -7280 312 -13996 2504 2585 -13 END
START -4120 -9080 -15216 485 726 176 END
START -5816 -4468 -15536 -251 -328 -1351 END
START -8172 328 -14328 -4732 -908 1496 END
START -8160 -15672 -12652 -1627 -529 2686 END
START -5316 -9248 -14136 -560 222 1771 END
START -7168 -5192 -16492 1788 73 868 END
START -4536 -7500 -15744 1343 -405 -51 END
START -5640 -8196 -14288 544 -124 -902 END
START -6136 -4640 -15512 -329 -484 -980 END
START -9048 376 -16780 -6102 -2095 2203 END
START -3172 -2220 -14248 -8160 -2443 2832 END
START -4192 -11168 -14172 -3215 -1546 1780 END
START -6768 -5540 -14852 -1951 -927 1677 END
START -4248 1652 -16328 5884 2508 -2701 END
START -4208 -4684 -15020 5946 2853 -1828 END
START -1964 -9448 -16432 875 1195 3090 END
START -8860 -4788 -16056 -2279 -785 3201 END
START -8132 -2496 -15972 -2938 -817 -1220 END
START -9824 188 -14624 -3796 -660 -5722 END
START -6140 -7944 -15676 813 2085 -3873 END
START -4096 -4916 -15092 -944 -2244 1453 END
START -8332 -7556 -18800 6754 -8112 -422 END
START -6604 -4328 -10196 2879 -5196 -2268 END