START -4896 -6844 -15108 -611 133 -701 END
START -4904 -7128 -14968 -524 12 -435 END
START -6220 -6396 -14940 -933 -100 -643 END
START -6992 -8860 -13852 873 441 -2173 END
START -3360 -6424 -16136 -361 -662 -2892 END
START -1428 -5960 -16604 -1823 -3065 -1573 END
START -6564 744 -15092 -4563 -4040 -2288 END
START -5336 -5432 -16432 -5330 -1036 250 END
START -3464 -596 -14016 -4656 -480 2201 END
START -5248 -10648 -14092 -2061 322 4044 END
START -4548 -7396 -14732 1123 905 2945 END
START -5820 -3648 -13436 5026 3161 3426 END
START -8820 -1832 -14552 2690 2295 1517 END
START -468 -11200 -15452 3565 1585 1268 END
START -5364 -3884 -16112 -1143 -75 -24 END
START -5052 5056 -17924 -3832 -1441 -194 END
START -2832 -11592 -14640 -8011 -2368 3048 END
START -2960 -11456 -16208 -1582 352 2001 END
START -3060 -10196 -14848 -1628 -530 3168 END
START -6456 -7156 -14596 2309 1320 1674 END
START -6596 -11032 -13912 2553 1098 -1847 END
START -6212 -8100 -14072 873 777 -1367 END
START -5816 -4700 -15544 -301 -608 -689 END
START -8628 -1080 -14644 -6474 -2681 3589 END
START -5720 -10336 -13496 -2339 756 1265 END
START -5540 -5068 -14496 1058 1264 1265 END
START -8168 -9196 -13504 2676 986 755 END
START -5836 -6864 -16456 1122 -98 -689 END
START -5492 -4288 -15792 -1608 587 389 END
START -7628 -9720 -15964 -6284 -2368 2526 END
START -5032 4360 -14424 -10641 -3108 5723 END
START -8452 -11132 -13104 -1625 265 1441 END
START -5836 -4112 -15348 167 943 -479 END
START -5140 -2948 -17032 6292 871 -2058 END
START -5084 -7912 -17400 4664 1445 -461 END
START -6352 -3940 -17224 3761 2455 1292 END
START -7696 -1816 -15328 -1036 183 831 END
START -7184 2684 -13964 -8805 -1917 3014 END
START -9588 3352 -11644 -3723 -2656 -6493 END
START -5636 -7984 -15424 -1088 -1035 181 END
START -8952 -7280 -21688 3513 -6548 1744 END
START -7488 -4980 -14564 3890 -8225 2752 END
START -8476 -5472 -13772 3294 -6527 -40 END
START -8172 -4428 -11636 -1213 -5418 728 END
START -8432 -4084 -10328 -6173 -2932 -1581 END