START -2196 -8900 -16536 -2617 -2744 -1392 END
START -4568 -1420 -16140 -3601 -3061 -1982 END
START -3032 -2340 -14812 -5799 -2222 -1081 END
START -3712 -4784 -15784 -5870 -2218 3051 END
START -1908 -5272 -15868 -1334 -510 3055 END
START -3656 -11076 -13808 2470 3035 3302 END
START -9408 -1772 -14848 4742 2871 1947 END
START -13312 3772 -15716 3314 1634 2102 END
START -6232 -3552 -14804 3579 2336 49 END
START -4684 2116 -15880 518 84 -241 END
START -5980 -5628 -15784 -361 -1021 -643 END
START -7484 -12548 -16252 -7543 -3061 2075 END
START -3852 -12256 -14460 -2294 16 1515 END
START -6288 -5372 -13932 -1194 -566 3449 END
START -6904 -8168 -15312 872 706 18 END
START -5012 -2664 -15000 1378 1114 -1215 END
START -5212 -5800 -16348 -514 -335 -423 END
START -6368 -5744 -15472 -603 -449 426 END
START -5528 -5828 -15148 -407 300 -654 END
START -4084 -5748 -15832 -4623 381 1193 END
START -3380 -3396 -16288 -4116 -31 2368 END
START -4804 -3460 -15092 -870 -49 2650 END
START -9064 -2016 -13316 126 -721 107 END
START -7620 -1424 -17376 2591 1052 -379 END
START -6228 -10984 -13680 388 1092 -1114 END
START -5868 -3324 -16284 -739 -823 -1025 END
START -540 14976 -11716 -11604 -4722 3690 END
START -4796 -4932 -14624 -4283 -1212 1492 END
START -6356 -5128 -15068 -1435 -639 1378 END
START -7832 -312 -15196 6736 -299 -2671 END
START -6632 -13384 -15912 7355 3458 -67 END
START -1960 -8872 -15080 3824 3238 32 END
START -8024 -2964 -16592 -1418 -279 2695 END
START -10192 3404 -14520 -6381 -1945 -1321 END
START -9096 -10452 -15468 -2081 794 -4901 END
START -5932 -5616 -16016 53 -1011 288 END
START -8824 -8868 -21896 5487 -8332 -1380 END
START -7144 -4092 -11556 5132 -8852 -1151 END