START -7724 -6428 -15440 288 -110 -2137 END
START -6844 -4452 -14992 13 -322 -2440 END
START -9804 -1752 -12616 -344 -1928 -3467 END
START -9348 -4984 -13344 -4305 -4257 -1716 END
START -944 -8656 -15560 -6510 -1691 -175 END
START -3004 -8368 -14452 -4513 -488 1101 END
START -2684 -7376 -15352 -2245 508 4488 END
START -5944 -11152 -14184 4166 3306 3821 END
START -8356 -7200 -16968 3081 826 2354 END
START -2132 -8996 -16284 3187 1217 1522 END
START -6612 -16068 -12884 3239 1444 656 END
START -5492 -3688 -16776 -85 105 1070 END
START -6260 -4688 -15064 -592 -1734 1438 END
START -5076 -2304 -14516 -6727 -1554 50 END
START -7872 -10920 -14700 -5814 716 2090 END
START 552 -4684 -15144 -1089 557 2093 END
START -7240 -5720 -14108 1130 613 1246 END
START -8340 -11568 -14252 3778 1011 184 END
START -4188 -6588 -14912 1510 1286 -1434 END
START -5060 -572 -16828 -1245 -158 148 END
START -6760 168 -17004 -1843 -382 -716 END
START -9352 -496 -16424 -5262 -281 2758 END
START -3416 -5508 -15588 -1842 -156 2260 END
START -10176 -8108 -13832 1993 1005 1089 END
START -10660 -1224 -15096 1128 -210 -46 END
START -6908 -5408 -12520 2344 898 162 END
START -6504 -3536 -15428 -665 1176 -1445 END
START -6448 7720 -17104 -5348 -848 881 END
START -10328 1828 -13000 -8256 -1758 3719 END
START -4072 -4340 -14540 -4018 -484 1443 END
START -6800 -6464 -14380 -121 -705 879 END
START -8224 -7780 -16416 2608 -2315 -1930 END
START -3120 -532 -16144 5616 896 -1973 END
START 244 -2288 -15796 4254 2677 -442 END
START -7760 4960 -15916 485 1187 1493 END
START -10588 -3728 -17012 -2294 767 1728 END
START -5328 -2556 -16492 -4903 -1102 -809 END
START -12636 172 -13660 -266 835 -4751 END
START -3596 -5728 -15720 -657 -1708 -1528 END
START -7320 -6976 -18596 1972 -2504 -19 END
START -7616 -4396 -13804 4688 -5483 -1334 END
START -6056 -6460 -13844 1592 139 -4907 END