START -4764 -5000 -13212 -1085 3239 -2166 END
START -9680 -7132 -16528 -1288 2455 -2952 END
START -5232 -7132 -15704 -235 744 -2496 END
START -4352 -5492 -15588 545 726 -3465 END
START -3428 -9244 -16328 112 114 -1614 END
START -4968 -7424 -15376 -2330 -3298 -2942 END
START -5528 8352 -15344 -4813 -1611 -2534 END
START -5520 -7000 -16504 -6151 -2525 2799 END
START -4568 -12476 -16220 -2783 -1390 4661 END
START -11556 -2540 -13192 2250 2822 2142 END
START -9648 -7336 -16296 6784 3339 110 END
START 792 -16708 -13476 4534 2583 3577 END
START -9240 -2452 -15192 1791 -1006 750 END
START -4568 -5880 -16684 -1269 680 -434 END
START -4844 -5276 -18144 -4443 -1378 662 END
START -536 -20920 -16720 -5752 -1640 2432 END
START -2736 -4364 -15852 -2308 -383 1965 END
START 1260 -13616 -14240 -608 -1694 3175 END
START -2220 -1616 -17344 3634 2346 904 END
START -4936 -6904 -14864 -72 1027 -1102 END
START -4692 -5252 -15628 -783 -514 -196 END
START -5024 -11932 -15008 -5624 -1772 1887 END
START -5140 -17548 -15128 -3133 249 919 END
START -5300 -6828 -14548 -1138 -1037 1707 END
START -5736 -5552 -15112 -1852 -1014 1191 END
START -4828 2000 -16884 -68 882 -185 END
START -7868 -5724 -17240 195 54 -23 END
START -3264 -13320 -16520 1367 80 -19 END
START -4624 -7672 -15540 115 291 -404 END
START -6268 -4092 -16092 -712 -50 126 END
START -5528 10100 -16492 -4772 -1439 119 END
START 940 -2576 -18368 -12320 -4310 6566 END
START -976 -9192 -16224 -1495 201 316 END
START -5144 -6096 -15348 -672 -662 485 END
START -3380 -2112 -14456 4131 123 -2399 END
START -6380 -11968 -17036 5751 1856 -753 END
START -9648 -3028 -18744 5023 2478 741 END
START -6604 -4436 -14388 -44 -270 904 END
START -7528 -10232 -15464 -2489 2672 2038 END
START -7608 -3852 -15708 -3627 -777 -396 END
START -7944 -7912 -13208 572 2217 -6284 END
START 2452 -2216 -17252 -1732 -3230 -809 END
START -6464 -8900 -20252 2346 -11009 1442 END
START -5208 -6156 -13560 4635 -10919 2092 END
START -6896 -6668 -13108 2819 -10548 3873 END