START -5120 -6044 -14440 -692 1658 -1217 END
START -5668 -5180 -14668 -888 1705 -1250 END
START -5644 -8924 -15976 406 -417 -1017 END
START -7188 -6328 -15224 541 615 -1974 END
START -10068 -3816 -16244 -1862 -4343 -1708 END
START -6480 -3768 -15428 -2585 -2265 -2229 END
START -5620 -7248 -16208 -7635 -3870 518 END
START -2788 -1980 -16024 -3862 -704 1578 END
START -7696 -9360 -14688 -422 -41 3121 END
START -7044 -14388 -13508 1736 753 3488 END
START -7568 -1416 -15920 3441 1750 2836 END
START -4568 -4864 -15336 3776 2258 837 END
START 2484 -11820 -14804 3152 3617 -203 END
START -5512 -4516 -16176 -120 310 293 END
START -5824 -4828 -16096 -242 -507 -791 END
START -5600 -2156 -16784 -7164 -1460 2521 END
START -1828 -1984 -14628 -3501 -30 1504 END
START -7724 -6372 -14552 -1779 -846 2435 END
START -492 -11476 -13292 2532 1430 2429 END
START -4980 -5304 -14820 2657 1358 -1037 END
START -8324 -9352 -14100 1509 844 -1725 END
START -5316 -5164 -15200 -546 -922 86 END
START -2568 1580 -16628 -4126 -543 739 END
START -2604 -1776 -16300 -5382 -182 316 END
START -6288 -8320 -15712 -949 409 2907 END
START -6176 -2792 -15344 1001 -149 2981 END
START -7124 -8636 -15520 2496 227 -378 END
START -2736 -1888 -17196 1854 778 -878 END
START -5508 -4972 -15680 -1493 -240 -24 END
START -4380 -2984 -16052 -8716 -4432 3258 END
START -9988 -2436 -13568 -8344 -1255 2157 END
START -8696 -10008 -14500 -1648 -684 1437 END
START -7384 -13492 -11048 1627 -420 -628 END
START -5416 -2624 -10404 6205 1265 -1641 END
START -11100 -7468 -15576 5920 2854 104 END
START -4600 -3520 -17080 1731 1675 1202 END
START -8272 -7856 -15336 -2757 -786 659 END
START -9508 -3244 -10052 -7705 -4008 -5442 END
START -8172 -7500 -15328 -957 1322 -2530 END
START -5520 -6016 -15856 -1010 -3256 3011 END
START -8396 -6984 -17320 5895 -11409 -2029 END