START -4908 -7332 -14908 -465 -62 -2101 END
START -4232 -7264 -14688 -585 -64 -1867 END
START -6504 -3244 -14396 803 -622 -1811 END
START -5496 -8208 -14592 -28 -751 -3411 END
START -2836 -4724 -16168 -1762 -1615 -3651 END
START 5296 -7376 -17660 -5342 -2698 -2500 END
START -1104 -3660 -15644 -5080 -1260 545 END
START -3964 -8228 -15544 -2401 -684 3206 END
START -3248 -11396 -14480 -1505 499 4801 END
START -816 -10576 -14660 2978 3481 3170 END
START -2832 -14776 -16020 4877 3425 59 END
START -3608 -2644 -13492 4006 4270 -1464 END
START -4796 -12908 -15944 1164 868 1484 END
START -3160 -6300 -15756 -910 308 344 END
START -5124 -3024 -17156 -1999 -787 -1504 END
START -6192 -11256 -17808 -8032 -3220 2443 END
START -1920 -23544 -12460 -500 -153 -214 END
START -4504 -8336 -14128 -909 -1884 2927 END
START 1136 -14688 -13372 3521 3698 1838 END
START -1028 -10092 -15608 746 239 -532 END
START -3608 -5256 -14840 -1886 -265 160 END
START -5660 -6592 -16016 -732 -418 -1085 END
START -228 -11412 -16820 -4492 202 2148 END
START -7360 -15440 -13920 -1539 402 2440 END
START -4676 -7208 -14944 -583 -1517 3162 END
START -8072 -10396 -14900 3057 998 -676 END
START -8684 -1580 -16172 29 144 -737 END
START -4572 -5424 -15860 -999 548 -623 END
START -6320 1272 -16820 -7270 -890 3082 END
START -4436 -6144 -14548 -6630 -1903 2860 END
START -3344 -11824 -14192 1404 -1135 -524 END
START -5400 -14300 -13516 1103 328 -1001 END
START 32 -5768 -17644 4664 2692 -79 END
START -304 -9936 -17260 5591 1722 501 END
START -4196 -2200 -15816 -521 -651 3701 END
START -9508 -3492 -15160 -3456 -1114 828 END
START -7400 -9280 -13404 -3663 -2649 -5913 END
START 10660 -14804 -17892 1185 2266 -3386 END
START -5120 -9596 -20060 -2375 -8498 3867 END
START -6408 -5056 -12776 6365 -9946 -3026 END
START -6364 -5056 -12252 -637 -3305 -3410 END