START -5724 -5916 -14452 -240 350 -2568 END
START -6324 -6472 -14584 -179 -46 -2465 END
START -6008 -7016 -14472 -352 -752 -2612 END
START -14960 -1020 -12592 -2501 -2880 -2085 END
START -5428 -4712 -16052 -2451 -2122 -3291 END
START -3872 -2012 -16408 -5172 -1319 -348 END
START -3784 -7460 -15740 -5694 -76 3258 END
START 2540 -8128 -15712 -222 2230 2784 END
START -7496 -8600 -12732 1442 3204 5542 END
START -5108 -5904 -14292 3655 2377 2703 END
START -7128 -5560 -14308 3840 3244 535 END
START -5056 -3168 -14816 2957 2614 -305 END
START -5372 -6336 -17212 -1143 116 -414 END
START -6768 -2628 -18396 -5506 -2982 1162 END
START -2528 -2532 -14812 -4981 -344 76 END
START -5504 -9660 -14272 -1432 958 1584 END
START -4200 -6452 -14972 -1119 -432 3194 END
START -8364 -6080 -14176 637 1496 -281 END
START -6988 -4356 -16796 730 1111 -1676 END
START -4960 -5184 -15460 -771 42 -512 END
START -8228 -2912 -14348 -3679 -627 963 END
START -6704 -5248 -16396 -3821 -389 1956 END
START -8472 -9844 -14996 -1126 -741 3540 END
START -9136 -2304 -13616 1408 1742 1636 END
START -6576 -8576 -17072 1169 568 -40 END
START -5584 -1008 -17772 -865 -61 -655 END
START -5348 -3180 -15640 -530 -143 -1663 END
START -3872 -4604 -16160 -11610 -5031 5160 END
START -1048 -3716 -15484 -3632 -1708 2496 END
START -6480 -5888 -15064 -1167 610 -128 END
START -3068 -5056 -16024 4017 1422 -2136 END
START -8760 -1876 -16508 6484 2378 -250 END
START -5648 -2560 -16564 2296 2425 1711 END
START -8196 -1556 -15960 -3051 -952 2019 END
START -11576 1372 -12408 -5503 -2236 -3061 END
START 2904 -13368 -17288 -802 1545 -4638 END
START -4968 -7380 -16060 -1405 -4913 1515 END
START -7792 -8328 -18768 4951 -9846 285 END
START -7028 -4088 -10584 4856 -5594 -2114 END