START -6904 -6072 -15336 -4719 -389 2401 END
START -5736 -7524 -15332 -4449 -310 1834 END
START -800 -4952 -12192 -7353 -2773 3835 END
START -4492 -6160 -15772 -881 -405 2882 END
START 5108 -11248 -14380 4395 3917 520 END
START 604 -4964 -16432 4471 2735 1907 END
START -7644 -3648 -17792 533 -38 -995 END
START -5132 -4416 -15936 -1109 703 -640 END
START 328 -3192 -17276 -4868 6 1077 END
START -3676 2980 -12808 -5238 -62 1924 END
START -2944 -3632 -16940 -2047 -477 1342 END
START -2232 -8704 -16140 -505 607 1442 END
START -7780 -4576 -12824 3913 1732 55 END
START -8076 -5192 -16152 -294 156 -598 END
START -4528 -6132 -16052 -417 -488 532 END
START -4608 -5836 -15736 -940 -440 -451 END
START -4396 -5356 -19536 -8700 -3424 2689 END
START -8768 -11224 -15148 -8020 -3931 3515 END
START -5840 -5824 -15560 -191 -966 504 END
START -3008 -9212 -14364 3482 492 -229 END
START -6840 2176 -18384 5517 1608 -976 END
START -6348 -6924 -15440 3261 2822 425 END
START -7928 -4140 -17364 428 1511 2871 END
START -10788 -5444 -16636 -3921 -1492 1496 END
START -7532 -244 -12284 -4226 -1694 -3545 END
START 96 -10584 -17464 -277 93 -1664 END
START -5044 -6016 -15720 -863 -3838 2932 END
START -5360 -6308 -16412 3898 -10540 1308 END