START -5504 -5192 -15424 -5842 -479 2999 END
START -3356 -5112 -16196 -5838 -371 3139 END
START -3436 -12416 -16116 -8187 -3637 6357 END
START -4912 -7344 -15192 -1876 -2656 2571 END
START -4956 -7968 -16028 1113 545 625 END
START -3912 -8684 -18212 5225 1867 1134 END
START -7952 -2044 -16668 3011 2311 -188 END
START -5892 -4420 -15512 395 1006 -290 END
START -4584 -6252 -15472 -478 86 -718 END
START -480 -9452 -16388 -3560 286 374 END
START -3648 -6284 -14672 -3946 -344 1112 END
START -5728 -6680 -15028 -1470 320 2671 END
START -6072 -13596 -15840 2380 2848 1568 END
START -6548 -8820 -14488 1675 1177 -456 END
START -4128 -5336 -16168 -1637 228 385 END
START -9380 -2356 -16332 -3980 -1499 1002 END
START -8432 -9268 -15328 -7947 -3730 2706 END
START -2888 -8328 -16044 -941 -1054 160 END
START -4488 -6708 -15044 -907 -618 1490 END
START -1516 -18196 -13852 5502 1235 -333 END
START -576 -4280 -17000 4737 1851 1108 END
START 476 -5992 -16068 499 -25 2136 END
START -9012 -5192 -15288 -1361 -553 86 END
START -4480 -7228 -16280 -5630 -2941 -1766 END
START -9236 -2464 -15288 -3732 -2582 -5201 END
START -3844 -5916 -15928 -497 -1218 1047 END
START -7076 -7628 -18716 4797 -8744 -3290 END
START -5788 -4388 -12780 3532 -5375 -2906 END