START -4828 1016 -16116 -4939 -350 1970 END
START -7472 -7256 -16048 -5502 -860 2406 END
START -2700 -3524 -15360 -7298 -1958 3900 END
START -4432 -8436 -15404 -912 -783 2989 END
START 1348 -16020 -14744 2643 2610 1730 END
START -15984 4236 -17452 1358 789 609 END
START -14608 3796 -17872 643 938 723 END
START -3972 -5672 -15896 -1111 -71 92 END
START -5272 -6260 -16196 -1817 -234 239 END
START -6208 -19964 -14948 -4279 1473 713 END
START -4256 -6252 -14168 -3448 -727 1897 END
START -4284 -6828 -15176 -462 165 1240 END
START -6804 -2792 -16484 3600 3031 -414 END
START -8200 -8072 -14208 1881 826 409 END
START -10120 2240 -17764 -879 -35 147 END
START -4536 -5300 -15692 -846 -195 -237 END
START -6964 -4500 -16408 -7096 -2332 2729 END
START -3896 -6680 -15292 -6844 -2423 2542 END
START -4588 -4812 -16184 -999 -825 -348 END
START -5216 -5692 -15424 -894 -970 351 END
START -768 -3944 -12972 5626 2320 -902 END
START -1612 -13956 -14580 5415 3351 -228 END
START -6016 -3664 -15436 646 1084 2124 END
START -5488 -2948 -16172 -3044 -3 2582 END
START -6732 -3456 -13176 -6875 -2947 -704 END
START 3332 -15376 -17308 -459 456 -4288 END
START -6712 -4700 -15164 81 -1392 -427 END
START -4744 -5908 -16344 3760 -6715 -2917 END
START -6372 -4600 -13044 602 -4104 -2002 END