START -4116 -3444 -17748 -1838 -259 680 END
START -3840 -4784 -17340 -2387 174 765 END
START 2992 8972 -15484 -5637 -611 3784 END
START -3736 -4696 -14768 -7292 -3077 5049 END
START -5788 -6820 -15680 -508 -1293 907 END
START -3588 -11660 -15028 1108 377 -291 END
START -10188 -3032 -15840 4348 3396 505 END
START -12492 -684 -17228 3307 3285 -986 END
START -6288 -4284 -15368 1255 1859 -1818 END
START -4364 -4852 -16052 -826 -331 -41 END
START -3676 4368 -13432 -7019 -1026 1317 END
START -4784 -11604 -14620 -3310 -664 1895 END
START 624 -7916 -15584 581 2354 1380 END
START -9360 -6424 -15596 2535 1220 1113 END
START -2268 -6168 -14872 957 1086 -706 END
START -4176 -4852 -15936 -619 12 -483 END
START -6532 5376 -14088 -10223 -5106 3633 END
START -3624 -17172 -18356 -7558 -2993 2581 END
START -6192 -5748 -15468 -280 -601 952 END
START 304 -3200 -16420 5907 1576 -1447 END
START -4576 -14212 -14296 6219 2911 2362 END
START -900 -1536 -14456 2667 2754 2942 END
START -5536 -2836 -17028 -2456 -772 1916 END
START -7628 -18156 -16384 -7148 -4070 -2656 END
START -3624 -7424 -16804 -186 1107 -4628 END
START -3880 -5824 -17000 404 -2612 630 END
START -5512 -4516 -15400 4291 -12552 -315 END