START -4476 -6164 -15612 -1945 467 208 END
START -4860 -3972 -16372 -2379 266 130 END
START -4764 -2516 -15728 -5823 -649 3086 END
START -6912 -10120 -15348 -7665 -2648 4803 END
START -5468 -6736 -15012 -181 -125 174 END
START 3072 -3752 -18916 3447 2739 -186 END
START -464 -3080 -15000 4591 2599 1928 END
START -4508 -9564 -15160 3781 2873 89 END
START -7784 -3864 -16796 1107 602 -791 END
START -4496 -5384 -15908 -739 -2 -653 END
START -2928 -7556 -15996 -6865 -645 1539 END
START -5088 -9412 -15588 -3331 -1368 1925 END
START -4568 -5840 -14644 638 865 1724 END
START -2788 -11532 -13140 2041 128 581 END
START -2336 -12072 -15196 1189 770 -178 END
START -7044 -1280 -18188 -816 -604 197 END
START -7096 4816 -17020 -4792 -1577 688 END
START -2840 256 -16608 -11195 -4082 4708 END
START -2892 -7364 -15348 -3892 -1630 396 END
START -5492 -5880 -15600 -383 146 391 END
START -1992 -13604 -15500 7532 1479 686 END
START 1468 -8284 -13568 6444 4681 1085 END
START 852 -3044 -16208 2568 3368 3102 END
START -5604 -5156 -16132 -1696 -1171 216 END
START -6360 -940 -15892 -4896 -1269 -3350 END
START -728 -4920 -16788 -3383 -1680 -4046 END
START -4920 -4892 -15872 -756 -2904 2244 END
START -8408 -7064 -20404 4968 -10763 -1730 END
START -5104 -3548 -12956 5617 -8755 1765 END