START -4988 -5984 -15632 -914 439 -322 END
START -4928 -6080 -15460 -895 472 -368 END
START -5476 -6724 -15668 -2127 932 786 END
START -7592 -7104 -15380 -3970 -1455 2243 END
START -5520 -14304 -15580 -3876 -1639 1390 END
START -4940 -4324 -15332 -2804 -630 1159 END
START -5116 -5088 -15548 -1277 184 220 END
START 3176 -7968 -15468 3952 27 -906 END
START -3632 -9480 -14556 4511 2918 264 END
START -4228 -13212 -13624 3515 2124 395 END
START -6140 -2444 -15460 1452 1117 -1176 END
START -4444 -5356 -15956 -1829 -586 730 END
START -4964 -5804 -15580 -1016 -620 362 END
START -4788 -5652 -15676 -702 321 -533 END
START -4764 -5772 -15672 -936 -104 -227 END
START -5636 -4584 -16012 -1711 -641 233 END
START -2048 -3452 -15968 -4890 -950 3359 END
START -5336 -4492 -14876 -2737 -1076 1444 END
START 1184 -6716 -17704 -256 3100 1374 END
START -6648 -284 -15496 903 1329 827 END
START -10420 2740 -16736 900 392 -439 END
START -2072 -6508 -15260 1542 615 87 END
START -5984 -5944 -15060 -357 -272 -395 END
START -5096 -4712 -15796 -764 -183 126 END
START -8076 -14700 -19016 -8806 -1933 3333 END
START -4180 -9000 -15212 -7664 -2258 2670 END
START -6308 -5280 -15484 324 -288 -634 END
START -4116 -2596 -16388 2030 -220 -1129 END
START -3936 -8644 -16140 5713 3252 -637 END
START -13584 -9384 -18112 5103 1409 1301 END
START -1708 -2784 -17376 1549 1576 1975 END
START -6268 -8672 -16352 -4291 -1270 912 END
START -4692 -1512 -14760 -6070 -2552 -3839 END
START 6512 -7960 -20832 -1310 -607 -3780 END
START -4068 -5480 -16576 -826 -3677 2083 END
START -5372 -3880 -16348 6038 -9016 -1050 END
START -7672 -4720 -11812 -712 -5137 -2364 END
START -5620 -6056 -14128 -248 695 -5496 END