START -5720 -672 -19152 -3500 -403 720 END
START -4528 -840 -17540 -4878 -1110 1769 END
START -5424 -12224 -16144 -7796 -858 5457 END
START -9664 -2448 -12736 -5178 -2821 2977 END
START -5900 -6128 -15840 -299 -524 828 END
START -5044 -4280 -12944 7309 3645 -2343 END
START -1136 -6020 -15200 5401 3371 660 END
START -2032 -5980 -14132 687 1325 276 END
START -5324 -4056 -16284 -1205 187 625 END
START -4568 1340 -18668 -3851 -1401 214 END
START -4172 -10688 -15524 -3860 -531 361 END
START -1036 -14136 -15420 -2531 314 2335 END
START -980 -8248 -14544 936 1848 224 END
START -4736 -8424 -16092 2691 2113 1085 END
START -5880 -1612 -18016 885 210 470 END
START -3864 -5840 -14876 -30 490 162 END
START -5156 -4184 -17232 -896 236 -946 END
START -5460 -5664 -15236 -7538 -3478 2298 END
START -6260 -11844 -17008 -5021 -2870 696 END
START -1160 -11076 -16772 -483 -336 -130 END
START -4692 -12236 -14496 3163 -1058 -242 END
START -5248 -6104 -17620 6903 4002 -1434 END
START -2764 -7380 -14456 2966 3179 1340 END
START -3604 -3944 -14904 2072 2816 2106 END
START -6116 -1856 -17036 -4981 -1404 92 END
START -2692 -448 -14000 -5571 -2559 -2933 END
START -4660 -5496 -15032 -354 700 -1484 END
START -5948 -8100 -18504 200 -4319 -89 END
START -3884 -5236 -13568 3836 -8229 -1686 END