START -5980 -1936 -15868 -4611 -1432 895 END
START -3516 -2116 -18168 -5613 -2044 2276 END
START -416 -1652 -17104 -7604 -2044 6275 END
START -7072 -5568 -14324 -1000 -2003 1904 END
START 368 -16268 -14648 4418 3725 183 END
START -1824 -11272 -17044 4745 1761 626 END
START -4788 -5332 -16664 2299 1566 962 END
START -2644 -5708 -15468 1132 1228 38 END
START -4628 -5868 -15528 -867 -249 -138 END
START -8840 -4348 -14504 -3021 -298 -486 END
START -5384 -8268 -16936 -3656 146 1338 END
START -5160 -7264 -14948 -2307 -1318 1720 END
START -8604 -3744 -15708 -702 1044 830 END
START -2252 -7832 -14064 3324 2735 920 END
START -3860 -8592 -14004 1745 743 -270 END
START -2444 -6404 -15632 -457 -263 423 END
START -4588 -3832 -16452 -1231 -321 -795 END
START -5496 -1500 -15020 -9158 -4254 2648 END
START 416 -15656 -14936 -5135 -795 611 END
START -5448 -6096 -15588 -462 -398 476 END
START -3092 -4344 -12388 5723 1776 -895 END
START -3276 -6612 -16336 5806 4166 193 END
START -12964 -3860 -15416 2645 1376 618 END
START -3932 -3776 -16076 -563 697 620 END
START -9848 -3636 -15176 -4362 -1806 200 END
START 104 -7496 -15308 -6739 -6328 -3886 END
START -5084 -6420 -14808 -1223 -5429 1664 END
START -7012 -6396 -17540 5263 -8378 -1554 END
START -6872 -5016 -12732 1659 -4986 -1587 END