START -4832 -6456 -15272 -973 497 -320 END
START -4812 -6040 -15436 -991 496 -545 END
START -4604 -6088 -16808 -2363 725 873 END
START 1308 -14292 -14120 -6793 -511 3243 END
START -4628 -9820 -13340 -2936 -1747 1698 END
START -5312 -5812 -15648 -991 385 660 END
START -5652 -7404 -14052 2795 2273 1473 END
START -12 -6780 -14432 4061 3374 1 END
START -964 -6084 -16212 3461 3571 139 END
START -8728 -672 -16984 -738 164 -1027 END
START -4848 -3968 -16656 -937 -179 -458 END
START -9300 -8796 -14352 -3831 293 2066 END
START -6628 -6208 -15216 -4222 -1760 2280 END
START -5100 -6160 -15556 -350 -211 324 END
START 456 -12152 -15352 1956 1571 -420 END
START -6544 -1176 -15332 1284 2024 1611 END
START -5180 -6716 -15724 -248 -186 1222 END
START -4708 -5092 -15724 -1255 -763 113 END
START -6008 -3852 -18664 -4124 -768 192 END
START -64 -10956 -18260 -7192 -3197 2472 END
START -2060 -8292 -14912 -1882 -689 15 END
START -5076 -6224 -15060 -978 -288 345 END
START -2960 -2864 -14748 4527 1428 -1051 END
START -6872 -5064 -16464 3770 1691 650 END
START -6296 -6300 -15192 572 627 3013 END
START -1680 -4428 -16404 -1458 918 2141 END
START -8584 -352 -14472 -4428 -1703 -1726 END
START -6512 -4056 -13156 -4485 -3053 -4530 END
START -1352 -6724 -18248 65 -1057 393 END
START -7312 -7400 -19472 3706 -7048 -1638 END
START -7024 -3992 -12980 1420 -6772 -2131 END