START -4976 -7360 -19824 -5215 -447 3513 END
START -1124 -1252 -15688 -6393 1196 2892 END
START -4136 -3496 -16280 -7520 -2719 5513 END
START -5084 -6020 -16100 -224 320 1217 END
START 1588 -8568 -14636 4918 4260 -912 END
START -1832 -10652 -14248 4196 1913 1504 END
START -9736 -2520 -15796 2171 1177 56 END
START -6180 -3956 -15604 -1036 -153 305 END
START -5680 -6540 -16460 -4626 -2588 539 END
START -1908 -1092 -16828 -4878 -327 1816 END
START -4912 -7212 -15364 -446 1212 1964 END
START -6908 -8140 -15912 1568 660 2235 END
START -2376 -7296 -13804 1992 1674 80 END
START -10300 1104 -18624 -968 145 -5 END
START -4980 -4964 -15840 -320 -38 -1159 END
START -8744 -2992 -17416 -9969 -4740 3743 END
START 732 -7848 -15220 -4807 -1070 1066 END
START -5620 -5576 -15748 -199 -658 855 END
START -440 -13444 -13924 5199 1904 -694 END
START -3560 1192 -15324 4470 1914 828 END
START 1248 -4188 -16040 3388 3906 1812 END
START -6280 -2800 -15624 -1759 -434 484 END
START -6304 -468 -16612 -5882 -2229 -2675 END
START 1676 -9968 -18460 -4185 -2712 -7246 END
START -2628 -6480 -16888 -454 -2114 553 END
START -5316 -6884 -17848 6476 -9262 683 END
START -7620 -4008 -11228 3136 -6209 -1176 END