START -4928 -604 -14540 -5524 -611 2547 END
START -8708 -3228 -15464 -5507 -1856 3242 END
START -6796 56 -12956 -8843 -1751 4680 END
START -5028 -5548 -15656 -1468 -550 2009 END
START -7872 -4728 -15080 -736 -518 984 END
START -436 -12752 -13920 4718 2380 2000 END
START -11992 -2544 -16056 3497 2252 -528 END
START -6972 -3660 -17256 -235 499 -435 END
START -4788 -5304 -15652 -993 -221 -559 END
START -2328 4060 -17188 -5429 -515 1005 END
START -3488 -15536 -16576 -4513 -510 2115 END
START -5612 -6176 -15524 -530 -832 1693 END
START -2728 -1404 -16088 2572 2418 1390 END
START -4964 -7724 -15416 1236 126 342 END
START -4484 -4788 -16584 545 625 -43 END
START -4748 -5192 -15708 -766 375 -1222 END
START -3476 2816 -15908 -5823 -68 1416 END
START -4616 -3876 -16244 -6508 -2875 1733 END
START -1152 -8596 -16188 -652 -1819 314 END
START -5616 -1152 -17844 610 -263 151 END
START -4556 -4788 -14640 4454 1403 186 END
START -3364 -5776 -15748 5150 3146 -436 END
START -6224 -2244 -16424 1664 1669 1312 END
START -6620 -6832 -14636 -2950 693 1226 END
START -11200 -5716 -15528 -5643 -2501 -2290 END
START -1548 -8720 -16448 -2281 -1071 -1504 END
START -5296 -5440 -16244 -2184 -3767 617 END
START -5716 -5692 -16748 3644 -6979 -3565 END