START 2312 -13188 516 -3729 334 770 END
START 2396 -12488 244 -3718 274 906 END
START 2340 -9892 -56 -3608 -1679 1843 END
START 3568 -7460 1260 -4810 121 1430 END
START 3416 -9160 1136 -5453 1328 3886 END
START 404 -14400 588 -7827 -1341 7249 END
START 852 -20852 -812 -7503 2808 4213 END
START -2792 -25636 -3088 -6261 -1721 7610 END
START -6064 -25500 -3184 -1821 -667 3437 END
START -7336 -22244 -2552 248 -3736 571 END
START -9824 -17784 396 970 -7593 -1240 END
START -11436 -13704 1892 -14 -12517 -3766 END
START -496 -14244 -2096 -2403 -13549 -9420 END
START 10468 -16688 -5692 2370 -14993 -4140 END
START 12456 -15800 -6928 5143 -11224 2389 END
START 5612 -16780 -8564 2524 -4656 1805 END