START 2724 -8592 808 -5405 -1335 1623 END
START 2812 -8100 620 -5490 -1482 1803 END
START 3680 -5552 320 -7116 -1304 3281 END
START 5192 -6876 1640 -9491 -710 5045 END
START -232 -16256 -1024 -9523 -2849 8459 END
START 1204 -25420 -2524 -8366 834 2724 END
START -4408 -29076 -4240 -4878 -4194 7920 END
START -13532 -24312 -4076 -245 -8852 5129 END
START -9612 -16152 712 -2128 -12377 -7805 END
START 9356 -16936 -5768 -1013 -14345 -5340 END
START 15204 -17280 -8048 2730 -8858 -2118 END
START 8052 -14660 -6344 2566 -6910 4974 END