START -3076 -5168 -16828 -2100 62 -90 END
START -2944 -5100 -18060 -2650 -16 407 END
START -6444 -13472 -15036 -3919 74 1102 END
START -960 -9372 -16476 -3149 -1328 1526 END
START -4884 -10532 -15064 -1087 635 -384 END
START -3636 -7096 -15428 -306 767 -949 END
START -3532 -6396 -15608 -576 1313 -1527 END
START -6796 -5060 -16268 -473 -886 -3073 END
START 452 -9028 -16224 -1133 -3486 -8522 END
START 6884 -8680 -18744 -356 3578 -2242 END
START -1448 -7008 -16416 -673 -3885 1536 END
START -2468 -9444 -19104 6820 -6754 5553 END