START -3412 -6376 -15720 -1673 242 423 END
START -3588 -5760 -16124 -1868 15 262 END
START -7348 -3464 -13780 -4835 598 816 END
START -3160 -8832 -17176 -2995 -149 1829 END
START -2540 -5472 -15272 -901 1635 -56 END
START -4476 -8156 -15172 -581 -221 -650 END
START -4452 -5976 -15784 -429 962 -1527 END
START -13504 120 -13756 -1504 -4746 -9021 END
START -7876 -11480 -18396 -646 -3249 -16656 END
START -796 -10020 -13220 635 1445 121 END
START -848 -4652 -16856 171 -768 4335 END
START -2320 -7864 -16144 6589 -5308 7711 END