START 1736 -10572 -700 -5677 -56 1135 END
START 1640 -10656 -564 -5820 -285 1303 END
START 3288 -9920 2300 -5323 13 2151 END
START 4596 -8528 760 -6063 3257 -810 END
START 3476 -10252 -1676 -6341 886 5402 END
START -112 -13708 -1108 -8473 1036 4563 END
START -1840 -18524 -3816 -7837 625 5354 END
START -3148 -24320 -3928 -5907 -391 3770 END
START -6844 -27652 -5156 -1733 -1855 1294 END
START -14776 -22576 -2212 2264 -8035 1740 END
START -7244 -15076 -876 -345 -12640 -9240 END
START 10276 -15296 -5840 2334 -13802 -7155 END
START 13520 -16632 -10472 3780 -8951 -4425 END