START -2168 -8772 -17100 -3885 942 1817 END
START -5096 -2424 -15708 -4267 898 1183 END
START -5248 -8812 -15748 -4649 -324 1699 END
START -1276 -3900 -16848 -2204 377 1555 END
START -4008 -7472 -15044 -59 500 -219 END
START -3804 -6676 -15896 -1153 923 -461 END
START -2916 -5960 -16124 -420 1399 -1155 END
START -9220 -5564 -15276 -149 -457 -2654 END
START -9916 -7532 -13972 -1338 -3225 -7857 END
START 5136 -9668 -18320 -503 1599 -3714 END
START 476 -6560 -16516 -916 -1847 208 END
START -2536 -9632 -19672 2346 -5118 3273 END