START 2676 -10840 508 -3832 1001 785 END
START 2496 -10344 572 -4018 1061 867 END
START 2540 -8100 936 -5602 2142 -328 END
START 3768 -9468 1256 -7658 447 3224 END
START 52 -17104 -1076 -6490 608 5147 END
START -3224 -21560 648 -6676 1108 3225 END
START -7432 -25108 -1564 -2660 -3221 4462 END
START -16316 -19352 1452 -3377 -10623 1801 END
START -4456 -17020 -476 -3116 -12631 -8360 END
START 10480 -16012 -6688 -1879 -15927 -1828 END
START 12716 -18132 -9404 1600 -9139 -533 END
START 7908 -15584 -7864 5925 -7341 3262 END