START 2476 -11112 32 -4492 520 1271 END
START 2608 -11020 200 -4549 535 1302 END
START 4368 -9724 1404 -6134 905 1464 END
START 2900 -11716 -1412 -5438 1845 2207 END
START 1080 -15228 -1084 -5469 -444 5401 END
START -2596 -19856 -1352 -5511 -123 4477 END
START -10620 -20624 516 -3700 -5641 6274 END
START -10088 -20972 1064 -2888 -6411 -1850 END
START -4988 -19536 -136 -1927 -12336 -4902 END
START 896 -18176 -3784 -2144 -15462 -1983 END
START 6216 -16156 -6244 -3098 -8451 -5512 END
START 10772 -16680 -8164 2130 -6182 -4666 END
START 4620 -14692 -5900 3593 -2394 -1696 END