START -3440 -2044 -15796 -3460 -22 1118 END
START -5548 -5348 -15484 -4016 -794 882 END
START -3432 -11128 -16100 -4028 -879 1721 END
START -1296 -5684 -14532 -3341 751 1474 END
START -4020 -7268 -15640 -655 -173 407 END
START -4136 -6888 -15640 108 1644 -1315 END
START -2720 -6292 -16052 -599 1962 -1011 END
START -6972 -5828 -14492 -2558 -5071 -4224 END
START 528 -10852 -18228 -649 -825 -8963 END
START -5760 -8568 -16160 -514 1357 -2379 END
START -1220 -6552 -16084 -162 -2138 326 END
START -3604 -9388 -19984 5407 -5121 3269 END