START -4584 -7436 -16344 -4417 14 1023 END
START -3824 -1272 -17280 -4648 -359 1610 END
START -288 -4660 -15704 -4332 -151 2688 END
START -5572 -8980 -14692 -2924 -1022 608 END
START -3280 -6632 -15164 201 917 -605 END
START -3776 -6352 -15936 -624 1500 -1195 END
START -4696 -4724 -15876 -730 -2286 -4679 END
START -1684 -4556 -17448 -1192 -4783 -11315 END
START -1488 -5616 -13164 -241 -231 -4009 END
START 280 -5768 -18672 -573 -4563 2554 END
START -3624 -9480 -19420 4915 -3494 5527 END