START 3000 -9564 -744 -3868 3238 204 END
START 3420 -9600 -376 -4159 3029 519 END
START 2332 -8708 -304 -6616 -104 3716 END
START 1264 -10508 -456 -3109 135 3304 END
START 1072 -13112 16 -4240 940 3307 END
START -296 -14820 716 -6347 933 3042 END
START 672 -22316 -324 -3381 3212 2798 END
START -3540 -26360 -2304 -5925 -727 3488 END
START -7632 -25756 -3788 485 -1532 2069 END
START -11404 -20344 -448 1178 -8199 -499 END
START -11544 -14736 876 -1833 -12469 -5106 END
START 4140 -15796 -2932 -1615 -12397 -7043 END
START 9104 -17060 -9720 -2055 -11357 -4591 END
START 11892 -16396 -10640 5013 -7913 338 END
START 8680 -16956 -8592 4469 -6875 3367 END