START -1464 -1136 -16520 -5282 -1498 1491 END
START 1836 -9612 -17032 -4833 -326 2596 END
START -360 -13824 -15436 -3926 698 2209 END
START -1624 -8168 -14648 -3278 511 1553 END
START -4080 -7756 -15344 -551 515 -981 END
START -3372 -6208 -15840 -657 569 -1009 END
START -10524 -5112 -15424 -1217 -3893 -6756 END
START 2636 -10644 -14684 -1174 -2899 -16954 END
START 2728 -10116 -17844 366 1496 642 END
START -3404 -6740 -17340 -1312 -3245 3181 END
START -4076 -9428 -19908 7986 -5526 3711 END