START -5504 -9200 -18044 -3097 2212 -1977 END
START -2392 -5812 -16628 -1503 277 -844 END
START -2660 -5572 -16224 -1500 107 -1187 END
START -2728 -5688 -16320 -1451 146 -943 END
START -6668 -1248 -13072 -2709 -4078 -1652 END
START 7436 -17572 -21212 -3014 -3042 -1220 END
START 6140 -17276 -23212 -2147 -59 -2329 END
START -4788 444 -15208 -3946 -766 621 END
START -2540 -1812 -15820 -2358 84 1845 END
START -684 -6828 -17388 -2176 361 1857 END
START -10676 -11360 -16808 -3169 5425 4008 END
START -1200 -5816 -17916 -647 -1026 1673 END
START -3616 -4236 -17036 674 954 298 END
START -1556 -4536 -16036 710 2455 392 END
START -1280 -4704 -16100 -333 -583 509 END
START -2048 -6840 -15728 320 21 133 END
START -2404 -5540 -15008 305 443 -514 END
START -4808 -3244 -26540 -1420 651 -2011 END
START -2184 -3448 -18192 -277 -883 -1006 END
START -7164 -2552 -13144 -1427 -2965 -1625 END
START -4012 -3228 -12356 -2063 -2560 -1246 END
START -1664 -4772 -16812 -1142 1523 -568 END
START -3812 -5364 -21440 -147 -3930 630 END
START -5524 -9740 -23316 9454 -6954 -933 END
START -1796 -4560 -12868 10274 -7715 -1054 END
START -884 -6312 -10740 351 -2466 192 END
START -3164 -6788 -12612 -1550 1248 235 END
START -4920 -6760 -15172 -3014 -158 850 END
START -4992 -6980 -16196 -2799 322 146 END
START -4504 -6012 -15504 -2184 -41 161 END
START -4068 -6468 -15780 -1558 -299 61 END