START -4224 -5576 -15752 -2296 2842 -385 END
START -4652 -5824 -16208 -2430 2877 -572 END
START -3076 -5948 -15044 -256 1658 -214 END
START -3044 -5572 -16376 -1918 1319 -985 END
START -3748 -6284 -15528 -234 542 -2657 END
START -4560 -7180 -14976 326 253 -2528 END
START -5672 -4440 -13724 -3491 -3904 -1395 END
START -2888 -2412 -19672 92 1123 -1829 END
START -3264 48 -14740 -4590 -1197 -2260 END
START -1380 -9648 -17432 -389 2070 -959 END
START -1864 -5024 -17724 -2070 -659 1095 END
START 1220 -4368 -16888 -1300 -2630 1735 END
START -3940 -6636 -17156 -904 -1405 1326 END
START 3636 -4640 -16104 -1586 -946 2850 END
START 8244 -10548 -16828 38 1629 3162 END
START -5592 868 -17292 -442 -228 46 END
START -8880 36 -18024 -680 -704 172 END
START -6892 240 -18256 215 324 536 END
START -3276 -2240 -18140 -1129 -589 350 END
START -5632 -1040 -18612 -67 80 -434 END
START -4352 -10868 -13040 655 323 -712 END
START -2628 -2352 -15728 -958 -1737 -1598 END
START -2788 -2200 -13144 -1206 -3517 -2178 END
START -13472 -3352 -8324 -1932 -7777 1217 END
START -1392 -5748 -18352 881 -4473 1599 END
START -2840 -5668 -18132 5346 -4175 879 END
START -4868 -5464 -16100 5235 -5426 672 END
START -4432 -6084 -13904 1017 -4274 88 END