START -4816 -7536 -13988 -96 -279 929 END
START -5632 -6468 -14032 -180 -403 38 END
START -3624 -6840 -16312 -1220 1073 -90 END
START -2824 -1800 -12896 -1008 987 -1341 END
START -1996 -7780 -16208 -1963 -2402 -268 END
START -3544 -6012 -15984 -1184 610 -1966 END
START -3580 -6236 -16396 -571 405 -1822 END
START -5720 14044 -4096 -9526 -6988 -141 END
START -2188 -3692 -18672 -882 -546 -2299 END
START 1092 -6876 -19556 226 2489 -1222 END
START -1404 -3548 -18304 -1056 2159 -178 END
START 6128 -2756 -15404 -2173 1111 1779 END
START -2528 -2456 -16764 -192 -148 401 END
START -1480 -6616 -16852 -1466 -107 226 END
START 3672 -3916 -17124 -615 824 1852 END
START -3188 -6204 -16028 -727 -2075 1418 END
START -3024 -4828 -15636 -393 711 492 END
START -4028 -5908 -15636 -843 -359 1555 END
START -1116 -5536 -15928 -117 1895 1561 END
START -968 -4920 -16356 853 2086 727 END
START -3384 -6516 -15732 303 1057 63 END
START -3004 -6892 -15992 371 665 23 END
START -4896 -8252 -16048 500 229 213 END
START -2372 -3604 -19452 -311 -481 -782 END
START -336 -5044 -17936 643 130 -1049 END
START -3332 -8904 -14732 1008 -661 -944 END
START -7084 -7116 -15164 -851 -1610 -495 END
START 568 -7984 -17480 -443 150 -1481 END
START -4284 2136 -11732 -3643 -3253 -1666 END
START -1120 -8972 -18972 756 -1642 796 END
START -5852 -6904 -20160 8157 -7120 -89 END
START -2800 -6580 -12792 7512 -8037 -2402 END
START -2604 -7496 -12356 2615 90 -3254 END
START -4252 -8536 -12012 557 -3893 -3546 END
START -2756 -8832 -12704 -3477 -29 -1963 END
START -4464 -8496 -13112 -2490 160 -1264 END
START -3852 -8268 -14856 -3684 1046 -1180 END