START -2008 -5252 -15224 -2678 596 934 END
START -1880 -5404 -15160 -2952 604 1026 END
START -4524 -5304 -16560 -4620 1067 1333 END
START -3044 -4884 -16672 -2656 -143 139 END
START -2492 -5268 -16512 -1715 103 -36 END
START -3324 -5216 -16256 -935 -360 -982 END
START -3532 -5336 -16348 -144 780 -1238 END
START -344 -4752 -19260 -576 -128 -1961 END
START -4528 -6832 -13044 -3036 -4056 -2230 END
START -10864 4524 -13080 -2635 286 -3353 END
START -4320 156 -17076 -1773 666 -1248 END
START -1340 -2580 -15844 -1710 1628 -63 END
START -3880 -5232 -15868 -2042 -92 571 END
START -2400 -2232 -17320 -1200 -790 955 END
START -476 -4360 -17344 -1296 -480 1315 END
START -4240 -4616 -15640 -968 1040 1316 END
START -3708 -5088 -16472 -1101 -1421 923 END
START -4824 -3952 -17484 -157 1912 1304 END
START -884 -6100 -16504 -839 -640 1639 END
START -3624 -4732 -16808 -1216 -931 362 END
START -2832 -4496 -16576 -978 761 -913 END
START -2996 -5576 -17992 3645 -1593 -744 END
START -3928 -4968 -17816 3878 -4168 365 END
START -2592 -4640 -15216 3310 -1651 -691 END
START -4292 -5220 -15128 -606 -1548 898 END
START -3556 -6300 -16048 -605 -1774 -121 END
START -3052 -6276 -15220 -545 -681 -121 END
START -3692 -6308 -16588 -636 -1484 14 END
START -4032 -5812 -16168 410 -940 -543 END