START -2256 -7012 -16632 -965 -644 -43 END
START -2588 -5264 -16064 -983 -646 27 END
START -3208 -5740 -16116 -1050 -239 -1126 END
START -2824 -5960 -16232 -724 553 -1139 END
START -10296 -3660 -13812 -952 -3103 -2534 END
START -5704 -3084 -15524 -150 1050 -2260 END
START -8776 380 -13076 -2832 291 -2737 END
START -4860 -5384 -14288 -3052 -1526 -220 END
START -1128 -1676 -16916 -2675 -1141 55 END
START -652 -852 -16492 -1991 -1687 885 END
START -11220 -8696 -15464 -2932 -821 1599 END
START -2984 -8740 -15172 -1756 -201 2109 END
START -1180 -2196 -16656 -1162 343 2283 END
START -3416 -8352 -15356 -1100 1901 3037 END
START -5552 -5528 -17756 -931 -908 1144 END
START 3760 -5236 -17848 -977 536 1290 END
START -1412 -14904 -14848 1701 742 1689 END
START -8624 -4212 -15816 263 111 812 END
START -4312 -3244 -18908 -1379 -1527 -542 END
START -3388 -5296 -15124 297 -3305 -2883 END
START 23944 -14512 -32768 250 -123 641 END
START -464 -5660 -18004 2549 40 -1866 END
START -3208 -5972 -17772 7546 -2624 -927 END
START -2068 -5524 -14332 3353 -4376 2074 END
START -3128 -6576 -13800 -1717 -448 1944 END