START -4792 -6548 -16412 -1953 809 -215 END
START -4624 -6616 -16304 -1738 730 -233 END
START -4212 -4944 -14964 -2410 1627 -1486 END
START -4084 -6312 -14992 -125 567 -1106 END
START -3012 -5476 -16464 -1830 1069 -2215 END
START -5428 -4668 -15520 -760 -1232 -1580 END
START 5028 -10064 -22512 -1843 1114 -1247 END
START -5316 1216 -15400 -2999 651 -1874 END
START 284 -876 -16172 -2501 2321 -764 END
START -2956 -4868 -17712 -1907 -1251 612 END
START -18692 -15764 -18168 -337 962 1669 END
START 12784 836 -11776 -1000 5252 4432 END
START 600 -5572 -15336 1735 -503 1561 END
START -2276 -7004 -13348 1235 1593 806 END
START -5116 -6996 -14612 723 136 -1282 END
START -3752 -3984 -13708 286 -2272 -1571 END
START -8832 -2032 -11632 -582 -2331 -3678 END
START 1196 -6356 -16320 -2343 -2255 -1584 END
START -1772 -7612 -19008 943 -1860 608 END
START -3852 -10320 -22248 6593 -5184 1756 END
START -4980 -5368 -13060 6094 -6988 1100 END