START -4056 -4652 -14992 -4288 1879 107 END
START -4292 -4628 -15040 -4470 1941 -122 END
START -3520 -3620 -14196 550 1343 -1701 END
START -9856 -5380 -11992 -1517 -1399 -2014 END
START 696 -5848 -18368 -1761 -2362 -257 END
START -2572 -4728 -17196 -1879 802 -1559 END
START -1488 -13556 -19888 -4044 -4053 -1472 END
START -2252 36 -15892 -4902 -2113 -1573 END
START -2220 2064 -16544 -3516 1135 -1624 END
START 520 -4444 -16700 -3387 -1742 1101 END
START 2028 1256 -18664 -1563 -1724 1320 END
START -2448 -3832 -17136 -471 -1830 569 END
START 1920 -3492 -16076 2487 -412 1882 END
START 2024 -4336 -16692 1650 -82 877 END
START 4416 -10204 -12948 1969 820 687 END
START -4060 -2736 -17680 -1911 -1861 1100 END
START -9208 -8892 -8780 527 -1377 -2085 END
START -7952 -448 -10396 -1723 -3116 -3972 END
START 1336 -2632 -21264 -520 -586 -2639 END
START -1980 -5260 -22128 7004 -6556 1887 END
START -2364 -5576 -17540 9131 -4328 2869 END
START -3528 -4928 -11640 5392 -1937 4760 END