START -4236 -4804 -17608 -1390 820 -2027 END
START -3980 -4340 -16736 -1907 1177 -2589 END
START -3504 -5724 -16264 -1448 1572 -1429 END
START -2732 -5852 -16200 -1163 1144 -1892 END
START 1568 -6776 -14644 -2300 -3870 -1688 END
START -2984 -6644 -15028 -2651 -1171 -1525 END
START -68 -6156 -16828 -3160 -1964 -2415 END
START -3380 3516 -16060 -2469 193 -2097 END
START -1588 -2116 -16800 -1193 -600 -1306 END
START -2380 -2396 -16616 -792 -313 163 END
START -2952 -4412 -17108 -1066 -707 703 END
START -4736 -3608 -17512 -1200 1625 596 END
START -2344 -6192 -14612 -1359 634 1953 END
START -1836 -3424 -15572 -793 1550 2030 END
START -4616 -5464 -16652 24 1120 2148 END
START -2068 -4576 -16644 -244 -1432 500 END
START -9448 -3892 -18776 -666 807 217 END
START -2616 -7020 -16560 -280 658 -155 END
START -4060 -2420 -18016 -286 562 -48 END
START -2960 -3972 -17768 -1106 -207 257 END
START -4844 -6448 -18936 -675 -302 -31 END
START -3028 -4640 -18008 -483 273 -466 END
START -1400 -6712 -15568 -618 -1175 -515 END
START -1536 -4856 -16108 -47 -733 -670 END
START -5136 -6084 -15180 -541 -2071 -1184 END
START -9228 192 -12876 -1335 -2591 -2098 END
START -840 -2836 -15088 -2322 -2300 -1480 END
START -1108 -8452 -19292 4143 -537 601 END
START -11344 -676 -17792 6801 -5270 -2957 END
START -2020 -7088 -14616 2614 -2503 -1182 END
START -1600 -4980 -13120 427 -2096 -732 END
START -2860 -6276 -13620 -2840 -1280 1141 END