START -4104 -5112 -15452 -3014 692 -741 END
START -4196 -5124 -15316 -3062 582 -804 END
START -5624 -4152 -15364 983 -497 -549 END
START -6372 -3224 -15600 -1287 -749 -2223 END
START 9304 -10624 -22988 -1788 503 -1853 END
START -13060 7900 -14048 -4184 -1062 -2688 END
START -2344 4104 -14604 -5624 -66 -2243 END
START -172 -2660 -17476 -3026 -941 68 END
START 9672 -3900 -12508 -2336 2910 3902 END
START -21220 -17196 -20084 1170 -1058 3587 END
START -2196 -3796 -16868 2279 2655 1835 END
START -136 -7188 -13760 1537 -598 -44 END
START -3960 -5164 -16924 -96 -2079 122 END
START -1724 -3720 -16372 -901 -2987 -1023 END
START -3476 1524 -15048 -3010 -2657 -3666 END
START -916 -3424 -18600 1089 -891 -589 END
START -3320 -5804 -18676 6751 -1698 629 END
START -4840 -5840 -16316 6747 -2803 818 END