START -3092 -4664 -15664 -2347 441 -1080 END
START -2824 -5256 -15940 -2454 319 -914 END
START -3312 -4888 -15592 -2925 1217 -1583 END
START -1924 -5012 -17096 -2247 881 -1137 END
START -604 -6320 -17888 -1960 -1405 -1435 END
START -5852 824 -14832 -1863 54 -2890 END
START -6132 1660 -14416 -4153 -1740 -2593 END
START -2152 -3892 -15344 -3661 -949 -820 END
START -2736 -4972 -17780 -1322 350 2145 END
START 2880 -5488 -18648 -439 -452 3331 END
START 2480 -4600 -16528 1177 1918 3273 END
START -4348 -6960 -16724 402 201 2475 END
START 2496 -9396 -14792 1140 604 1017 END
START -2116 -4924 -13932 982 -119 -259 END
START -3084 -6000 -14420 -23 -903 -780 END
START 2280 -2576 -25940 -2619 -256 -748 END
START -12600 180 -11188 -1312 472 -4284 END
START -1872 -5128 -22880 204 2555 -3681 END
START -2484 -8716 -22660 10441 -5741 1824 END
START -2788 -4844 -13540 7358 -3972 519 END