START -3424 -8240 -29776 85 548 -2109 END
START -1228 -1820 -12812 -914 1410 -1560 END
START -2016 -7776 -17316 -787 1832 -1583 END
START -5296 -5216 -13420 -1522 -3307 -3935 END
START -1892 -5576 -16760 -2268 -2814 -3146 END
START -4952 4892 -12036 -7590 -4093 -2746 END
START 1784 -20464 -21932 -1363 -534 -2033 END
START 580 -2168 -18152 -808 488 1127 END
START -28264 -18528 -19212 -1794 2125 5269 END
START -700 -6636 -15952 1789 3582 5447 END
START -8288 -13940 -20808 1591 -2344 -475 END
START -6696 -2944 -11724 620 -2167 -3028 END
START -7168 -6112 -12464 -94 -5140 -3537 END
START 1532 -5464 -19312 -605 -2123 -3081 END
START -340 -6312 -20708 4096 -6965 3271 END
START -4144 -6104 -17416 6599 -5041 2764 END