START -2380 -4024 -14296 -2349 2073 -2046 END
START -2308 -4532 -14360 -2831 2057 -1878 END
START -2932 112 -11264 -1199 319 -587 END
START -4352 -6472 -14360 -34 -553 -1623 END
START 1096 -8060 -20224 581 -1571 -1797 END
START 17756 -17512 -25980 -1133 2885 -1991 END
START 10628 -20420 -25596 -990 673 -2275 END
START -2264 1512 -17896 -5585 -1831 -1614 END
START 6932 4136 -15532 -5557 1777 1643 END
START 4708 -2772 -17092 -1303 1769 4892 END
START 4560 -1036 -17908 1043 78 3948 END
START -21844 -3720 -22224 357 2341 2255 END
START -3764 -3208 -18996 1397 1588 625 END
START -764 548 -19384 730 -1043 -1132 END
START -5476 -848 -11968 -1828 -4825 -3346 END
START 912 -2748 -17604 -1075 -3434 -1253 END
START -1064 -5448 -18732 5888 -4693 921 END
START -2868 -4996 -14828 3856 -4712 -1653 END