START -1944 -3376 -16188 -1597 634 1914 END
START -6600 -6232 -15836 -1750 108 1554 END
START -5340 -6700 -15972 -2299 -1229 746 END
START -1220 -9748 -16544 -2279 -602 1388 END
START -2960 -8884 -16472 -2266 -1894 -234 END
START -7096 -6740 -16128 -2147 -1330 -2051 END
START -740 -8544 -16144 -1955 -811 -2235 END
START -2072 -5512 -16452 -564 1528 -494 END
START -2624 -5520 -16212 -1580 -534 1280 END
START -2456 -5568 -17220 158 3366 3970 END
START -1252 -3908 -14236 -781 669 5940 END
START -5920 -4880 -16472 -1990 -3444 3008 END
START -5208 -5212 -16092 70 -565 -1329 END
START -2940 -7380 -18800 2258 -5438 -1185 END