START -3016 -9400 -14172 1286 14 -1053 END
START -3304 -2564 -15964 923 -121 -768 END
START -3252 -8124 -14764 145 1311 -783 END
START -2728 -8196 -16352 -867 1174 408 END
START 4336 -10284 -15864 777 2632 1103 END
START -1396 -3936 -15908 -934 1499 1864 END
START -4228 -4096 -15588 -1585 494 1670 END
START -2688 -5096 -16000 -1320 -195 399 END
START -1760 -8152 -17184 -1736 -903 665 END
START -3932 -2384 -17088 -1975 -1340 -2 END
START -644 -4784 -17064 -1258 -907 -1193 END
START -3120 -2492 -14956 -2042 -1811 -2261 END
START -2076 -7440 -16748 -1441 -85 -1516 END
START -3492 -7388 -15252 -1083 -507 -2127 END
START -204 -8112 -16764 -1503 -211 -672 END
START -1920 -6088 -16412 -984 -59 462 END
START -6808 -8248 -17300 -1415 1632 3290 END
START -612 252 -16296 -325 1119 7170 END
START -9104 -9708 -16668 -2609 -3184 4495 END
START -4868 -4956 -16248 -795 -1568 483 END
START -3308 -7700 -17296 500 -5305 -1667 END