START -4664 -5296 -16320 -836 885 -746 END
START -3412 -5892 -16220 -817 1296 -1047 END
START -3728 -6140 -16216 -617 498 -822 END
START -2952 -8216 -15196 273 892 -968 END
START -3120 -8940 -15504 1072 2366 51 END
START -5208 -6352 -16452 158 1650 720 END
START -6608 76 -17672 -199 2569 1901 END
START -1004 -5060 -16884 -2247 -1261 2179 END
START -3944 -4524 -16540 -2335 202 1738 END
START -4276 -3928 -17612 -2906 -649 739 END
START -1268 -8504 -15928 -3469 -2253 -1564 END
START -688 -5324 -15804 -2489 -1561 -1866 END
START -3452 -5140 -15676 -1697 -743 -2164 END
START -1680 -10672 -16308 -692 536 -1565 END
START -2004 -5756 -16428 -1364 36 464 END
START -60 -7652 -16516 -515 1094 3281 END
START 896 -2556 -16208 -143 2427 6280 END
START -7652 -5572 -15576 -1969 -2158 3476 END
START -4920 -5188 -16432 -1362 -1946 558 END
START -4172 -4952 -16088 901 -4748 -2416 END