START -2908 -5964 -15896 -362 -57 -272 END
START -3328 -5392 -16036 -554 -124 -318 END
START -2796 -6400 -16000 -45 312 -290 END
START -3276 -5080 -16032 269 1603 572 END
START -3912 -5448 -16872 -325 635 1040 END
START -2288 -2888 -16560 -938 660 2346 END
START -2736 -5444 -16844 -1643 -275 1693 END
START -3620 -2516 -16460 -2233 221 668 END
START -3500 -6740 -15624 -2195 55 57 END
START -4888 -7084 -16392 -2137 -1324 -555 END
START -5092 -6524 -15776 -2029 -2035 -1562 END
START -5496 -5008 -15308 -1976 -1767 -2803 END
START 136 -7016 -16584 -956 411 -1991 END
START -572 -6984 -16936 -855 1288 -704 END
START -1588 -5840 -16416 -1671 -785 1259 END
START 4760 -8680 -16488 -30 3356 5903 END
START -7420 -5492 -16580 -1511 -1605 5082 END
START -7216 -5120 -15316 -1817 -3805 1458 END
START -6424 -4232 -18864 2190 -2179 -3279 END