START -7316 -7088 -15700 -1718 159 1058 END
START -4356 -5292 -16296 -1559 -208 1081 END
START -4280 -3088 -14648 -1430 -370 68 END
START -2808 -7316 -16372 -2373 97 -126 END
START -3020 -2932 -16312 -2362 -647 -360 END
START -2272 -5804 -17212 -2021 -1215 -993 END
START -2760 -3504 -17096 -1867 -1804 -1841 END
START -3536 -7420 -16704 -405 -269 -2636 END
START -1320 -6780 -16972 -1130 922 -1876 END
START -1728 -5788 -16456 -1098 409 141 END
START 1688 -6292 -17700 -769 2817 5167 END
START -3696 -7588 -15332 85 1004 5282 END
START -4304 -4464 -16504 -2062 -4312 3518 END
START -5024 -5568 -15844 -379 -1859 -137 END