START -4012 -2692 -17844 -218 743 133 END
START -3444 -5860 -17432 -466 698 78 END
START -700 -4640 -16496 652 2941 530 END
START -4340 -6784 -16408 -396 2123 933 END
START -5936 -7948 -16400 -1236 590 2425 END
START -1884 -3612 -18240 -1959 -1133 1145 END
START -5272 -4040 -15956 -2000 -1481 231 END
START -6360 -2772 -15824 -2337 -1721 -1513 END
START -1300 -6964 -15368 -2494 -2802 -2345 END
START -2692 -8124 -15168 -1333 -470 -2238 END
START -360 -7380 -16348 -708 1343 -317 END
START -1620 -5748 -16208 -1841 -1279 1371 END
START -168 -5972 -16996 -267 3934 4741 END
START -2640 -5996 -15800 -634 797 6092 END
START -3680 -4564 -16628 -1742 -3086 3879 END
START -4808 -6064 -15300 1329 -381 -2074 END
START -2984 -7176 -18376 2290 -6279 -2187 END